2901 19398 2707
2876 19430 3460
2902 19471 3376
2862 19078 3419
2895 19469 3421
2896 19444 3544
2904 19351 3539
2860 17995 3336
2903 19426 3485
2899 19456 3518
2909 19470 3521
2907 19558 3523
2904 19459 3517
2896 19241 3486
2899 19448 3489
2909 19451 3520
2899 19477 3487
2903 19421 3494
2902 19448 3515
2901 19479 3512
2902 19482 3514
2902 19492 3519
2908 19470 3519
2910 19478 3520
2909 19481 3522
2909 19447 2944
2838 18455 3160
2843 18549 3010
2852 20503 3422
2897 21859 3375
2871 21969 3501
2879 22519 3512
2902 20619 3145
2858 21384 3423
2869 21788 3372
2883 22538 3332
2890 21235 3343
2871 22241 3352
2898 22588 3403
2852 21705 3363
2889 21952 3335
2851 21777 3339
2855 20605 3257
2868 21173 3294
2842 21076 3343
2879 21455 3377
2866 21555 3495
2863 22525 3496
2878 21021 3361
2875 21493 3440
2892 22536 3497
2902 22554 3500
2894 22476 3476
2885 20265 3431
2890 22252 3500
2901 22536 3505
2909 22550 3499
2903 22568 3500
2904 22553 3489
2896 22511 3491
2895 22521 3485
2898 22536 3501
2881 22459 3488
2891 21615 3393
2869 21979 3476
2882 21702 3352
2898 22502 3483
2894 22606 3500
2892 21830 3502
2899 22607 3499
2896 22596 3504
2909 22028 3500
2905 22663 3420
2900 22614 3506
2905 22598 3521
2910 22666 3537
2908 22643 3533
2894 22597 3506
2903 22588 1788
2885 22126 3366
2877 20494 3330
2885 22341 3487
2899 22573 3339
2840 22223 3458
2881 20607 3374
2845 20535 2706
2838 19811 2915
2818 19288 3081
2843 20241 3289
2895 22405 2778
2870 22447 3339
2880 20499 3084
2848 21298 3539
2896 21505 3199
2891 21471 3366
2892 22538 3498
2897 22559 3449
2890 21985 3467
2840 21498 3469
2887 22507 3490
